1687.43334175
1319.25414027
1254.95094146
1236.29597744
1225.96876728
1219.6592167
1215.41161758
1211.66356574
1208.64414274
1205.90185942
1202.98207445
1200.16063985
1197.36417241
1194.3683077
1191.51599034
1188.93573221
1186.36634417
1184.28661563
1182.31559534
1180.58929888
1178.96758935
1177.4210641
1176.07200642
1174.79633507
1173.59859024
1172.38091732
1171.18542482
1169.99117745
1168.97855446
1168.05445641
1167.36317095
1166.729955
1166.22559956
1165.82314952
1165.48341611
1165.18277573
1164.8426952
1164.44578217
1164.02134297
1163.65261161
1163.21956871
1162.73802879
1162.18737543
1161.5830621
1160.91633098
1160.23566591
1159.5066556
1158.85369071
1158.18665896
1157.43966917
1156.67597095
1155.90426287
1155.14130628
1154.39379738
1153.59921585
1152.81252149
1152.06311376
1151.42398955
1150.80622728
1150.20768817
1149.75112044
1149.38960244
1149.11790037
1148.92753126
1148.76292322
1148.52411476
1148.28249857
1148.03945986
1147.80271351
1147.55245227
1147.2592364
1146.9888388
1146.78145738
1146.51455121
1146.25191088
1146.03831017
1145.77139847
1145.53010583
1145.30517877
1145.10387674
1144.87198706
1144.62797006
1144.39142435
1144.14027409
1143.84162025
1143.51844908
1143.14350366
1142.71411553
1142.26394162
1141.80783314
1141.33983189
1140.85016381
1140.35703342
1139.87115786
1139.40240107
1138.96454721
1138.58128954
1138.22093793
1137.89538795
1137.57841574
1137.29061478
1136.96313643
1136.66292845
1136.51067341
1136.36877274
1136.22397927
1136.10965809
1136.01156794
1135.92866296
1135.86792177
1135.85882041
1135.99663853
